00
00
00
00
00
00
00
00
00
00
00
00
00
00
00
00
25
28
47
21
20
00
00
00
48
2a
6e
32
00
00
00
00
00
00
00
00
00
00
00
00
00
00
00
00
00
00
00
00
00
00
00
00
00
00
07
47
07
0a
49
13
22
02
13
64
07
61
20
62
2a
03
00
00
00
00
00
00
00
00
00
00
00
00
00
00
00
00
00
00
00
00
00
00
00
28
0a
10
56
01
18
2a
6e
00
1d
73
39
20
55
42
3d
5f
00
00
00
00
00
00
00
00
00
00
00
00
00
00
00
00
00
00
00
00
00
00
00
77
01
51
5e
01
01
01
01
13
10
6f
2b
00
02
35
1c
0c
00
00
00
00
00
00
00
00
00
00
00
00
00
00
00
00
00
00
00
00
00
00
5d
01
2e
02
00
0c
6d
2c
7d
05
02
00
00
00
00
2d
4f
00
50
00
00
00
00
00
00
00
00
00
00
00
00
00
00
00
00
00
00
00
00
00
74
01
5f
00
00
00
00
00
00
00
00
00
00
00
00
00
56
2b
7e
00
00
00
00
00
00
00
00
00
00
00
00
00
00
00
00
00
00
00
00
00
59
01
7e
00
00
00
00
00
00
00
00
00
00
00
00
0d
13
28
49
00
00
00
00
00
00
00
00
00
00
00
00
00
00
00
00
00
00
00
00
00
6c
01
3c
79
00
00
00
00
00
00
00
00
00
00
00
3f
7e
42
7c
1a
00
00
00
00
00
00
00
00
00
00
00
00
00
00
00
00
00
00
00
00
1e
01
49
1c
00
00
00
00
00
00
00
00
00
00
00
00
42
24
68
65
00
00
00
00
00
00
00
00
00
00
00
00
00
00
00
00
00
00
00
00
56
01
01
31
0e
32
08
00
00
0d
67
47
2a
40
4c
08
1f
4b
33
1e
00
00
00
00
00
00
00
00
00
00
00
00
00
00
00
00
00
00
00
00
42
29
01
01
01
01
3c
2a
03
3e
5a
7b
75
3b
6e
0c
73
20
23
11
00
00
00
00
00
00
00
00
00
00
00
00
00
00
00
00
00
00
00
00
00
59
01
37
5b
3a
42
29
51
73
00
4d
2b
00
0c
00
00
19
45
4e
00
00
00
00
00
00
00
00
00
00
00
00
00
00
00
00
00
00
00
00
00
56
01
12
00
00
00
77
51
00
00
00
00
00
00
00
00
19
68
04
00
00
00
00
00
00
00
00
00
00
00
00
00
00
00
00
00
00
00
00
00
00
59
34
00
00
0f
01
04
00
00
32
00
00
00
00
00
70
0c
00
00
00
00
00
00
00
00
00
00
00
00
00
00
00
00
00
00
00
00
00
00
00
56
7e
0b
42
01
01
6e
55
15
5b
4c
32
00
00
00
4e
00
00
00
00
00
00
00
00
00
00
00
00
00
00
00
00
00
00
00
00
00
00
00
00
00
41
14
47
01
01
01
49
47
0e
1b
23
5d
02
06
1c
00
00
00
00
00
00
00
00
00
00
00
00
00
00
00
00
00
00
00
00
00
00
00
00
00
56
66
2e
29
01
54
54
3d
36
00
76
76
00
42
6a
00
00
00
00
00
00
00
00
00
00
00
00
00
00
00
00
00
00
0b
43
00
2f
08
38
7f
00
3d
44
21
5b
69
09
30
09
50
00
00
0f
04
16
32
00
00
00
00
00
00
00
00
00
00
00
00
00
00
00
00
00
0d
0b
1b
45
05
42
78
00
00
00
00
00
00
00
00
00
00
28
55
20
00
56
61
63
1c
00
00
00
00
00
00
00
00
00
00
00
00
00
00
08
22
0c
00
6b
00
57
7a
03
00
00
00
00
00
00
00
00
67
22
0c
00
00
72
00
00
00
00
00
00
00
00
00
00
00
00
00
00
00
00
52
51
7f
60
43
69
4c
32
3e
5f
00
00
00
00
00
00
00
1d
0c
00
00
00
35
51
00
00
00
00
00
00
00
00
00
00
00
00
00
00
00
00
4f
00
00
00
0d
45
00
3e
5b
58
34
03
00
00
00
00
50
00
00
2b
45
00
72
00
00
00
00
00
00
00
00
00
00
00
00
00
00
00
00
0b
71
00
4a
46
02
05
00
00
25
17
3e
33
08
0d
53
5c
4e
00
27
46
02
1e
10
00
00
00
00
00
00
00
00
00
00
00
00
00
00
00
28
0a
33
00
0d
47
3b
3b
63
60
45
00
4f
05
0b
0a
01
49
00
26
00
55
00
72
02
00
00
00
00
00
00
00
00
00
00
00
00
00
00
06
72
3a
6d
15
6d
04
00
26
00
00
00
00
70
27
22
36
2c
20
00
00
00
00
00
00
00
00
00
00
00
00
00
00
00
00
00
00
